ModelViewMatrix1
 1.000000	 0.000000	 0.000000	 0.000000	
 0.000000	 0.707382	 -0.706818	 0.000000	
 0.000000	 0.706818	 0.707382	 0.000000	
 0.000000	 0.000000	 0.000000	 1.000000	
ModelViewMatrix2
 0.999695	 0.000000	 -0.024536	 0.000000	
 0.000000	 1.000000	 0.000000	 0.000000	
 0.024536	 0.000000	 0.999695	 0.000000	
 0.000000	 0.000000	 -5.000000	 1.000000	
ProjectionMatrix
 1.810715	 0.000000	 0.000000	 0.000000	
 0.000000	 2.414505	 0.000000	 0.000000	
 0.000000	 0.000000	 -1.000992	 -1.000000	
 0.000000	 0.000000	 -0.200073	 0.000000	
ambient_light
 1.000000 1.000000 1.000000 1.000000
ambient_material
 1.000000 1.000000 1.000000 0.000000
diffuse_light
 1.000000 1.000000 1.000000 1.000000
diffuse_material
 1.000000 1.000000 1.000000 1.000000
specular_light
 0.699997 0.699997 0.699997 1.000000
specular_material
 1.000000 1.000000 1.000000 1.000000
eye_Pos
 0.000000 0.000000 5.000000
light_Pos
 10.000000 10.000000 10.000000 0.000000
specularExp
 5.000000
---------------------------------------------------
ModelViewMatrix1
 1.000000	 0.000000	 0.000000	 0.000000	
 0.000000	 0.707382	 -0.706818	 0.000000	
 0.000000	 0.706818	 0.707382	 0.000000	
 0.000000	 0.000000	 0.000000	 1.000000	
ModelViewMatrix2
 0.999695	 0.000000	 -0.024536	 0.000000	
 0.000000	 1.000000	 0.000000	 0.000000	
 0.024536	 0.000000	 0.999695	 0.000000	
 0.000000	 0.000000	 -5.000000	 1.000000	
ProjectionMatrix
 1.810715	 0.000000	 0.000000	 0.000000	
 0.000000	 2.414505	 0.000000	 0.000000	
 0.000000	 0.000000	 -1.000992	 -1.000000	
 0.000000	 0.000000	 -0.200073	 0.000000	
ambient_light
 1.000000 1.000000 1.000000 1.000000
ambient_material
 1.000000 1.000000 1.000000 0.000000
diffuse_light
 0.000000 1.000000 1.000000 1.000000
diffuse_material
 1.000000 1.000000 1.000000 1.000000
specular_light
 0.699997 0.699997 0.699997 1.000000
specular_material
 1.000000 1.000000 1.000000 1.000000
eye_Pos
 0.000000 0.000000 5.000000
light_Pos
 10.000000 10.000000 10.000000 0.000000
specularExp
 5.000000
---------------------------------------------------
ModelViewMatrix1
 1.000000	 0.000000	 0.000000	 0.000000	
 0.000000	 0.707382	 -0.706818	 0.000000	
 0.000000	 0.706818	 0.707382	 0.000000	
 0.000000	 0.000000	 0.000000	 1.000000	
ModelViewMatrix2
 0.999695	 0.000000	 -0.024536	 0.000000	
 0.000000	 1.000000	 0.000000	 0.000000	
 0.024536	 0.000000	 0.999695	 0.000000	
 0.000000	 0.000000	 -5.000000	 1.000000	
ProjectionMatrix
 1.810715	 0.000000	 0.000000	 0.000000	
 0.000000	 2.414505	 0.000000	 0.000000	
 0.000000	 0.000000	 -1.000992	 -1.000000	
 0.000000	 0.000000	 -0.200073	 0.000000	
ambient_light
 1.000000 1.000000 1.000000 1.000000
ambient_material
 1.000000 1.000000 1.000000 0.000000
diffuse_light
 0.000000 1.000000 1.000000 1.000000
diffuse_material
 1.000000 1.000000 1.000000 1.000000
specular_light
 0.699997 0.699997 0.699997 1.000000
specular_material
 1.000000 1.000000 1.000000 1.000000
eye_Pos
 0.000000 0.000000 5.000000
light_Pos
 10.000000 10.000000 10.000000 0.000000
specularExp
 5.000000
---------------------------------------------------
ModelViewMatrix1
 1.000000	 0.000000	 0.000000	 0.000000	
 0.000000	 0.707382	 -0.706818	 0.000000	
 0.000000	 0.706818	 0.707382	 0.000000	
 0.000000	 0.000000	 0.000000	 1.000000	
ModelViewMatrix2
 0.999695	 0.000000	 -0.024536	 0.000000	
 0.000000	 1.000000	 0.000000	 0.000000	
 0.024536	 0.000000	 0.999695	 0.000000	
 0.000000	 0.000000	 -5.000000	 1.000000	
ProjectionMatrix
 1.810715	 0.000000	 0.000000	 0.000000	
 0.000000	 2.414505	 0.000000	 0.000000	
 0.000000	 0.000000	 -1.000992	 -1.000000	
 0.000000	 0.000000	 -0.200073	 0.000000	
ambient_light
 1.000000 1.000000 1.000000 1.000000
ambient_material
 1.000000 1.000000 1.000000 0.000000
diffuse_light
 0.000000 1.000000 1.000000 1.000000
diffuse_material
 1.000000 1.000000 1.000000 1.000000
specular_light
 0.699997 0.699997 0.699997 1.000000
specular_material
 1.000000 1.000000 1.000000 1.000000
eye_Pos
 0.000000 0.000000 5.000000
light_Pos
 10.000000 10.000000 10.000000 0.000000
specularExp
 5.000000
---------------------------------------------------
ModelViewMatrix1
 1.000000	 0.000000	 0.000000	 0.000000	
 0.000000	 0.707382	 -0.706818	 0.000000	
 0.000000	 0.706818	 0.707382	 0.000000	
 0.000000	 0.000000	 0.000000	 1.000000	
ModelViewMatrix2
 0.999695	 0.000000	 -0.024536	 0.000000	
 0.000000	 1.000000	 0.000000	 0.000000	
 0.024536	 0.000000	 0.999695	 0.000000	
 0.000000	 0.000000	 -5.000000	 1.000000	
ProjectionMatrix
 1.810715	 0.000000	 0.000000	 0.000000	
 0.000000	 2.414505	 0.000000	 0.000000	
 0.000000	 0.000000	 -1.000992	 -1.000000	
 0.000000	 0.000000	 -0.200073	 0.000000	
ambient_light
 1.000000 1.000000 1.000000 1.000000
ambient_material
 1.000000 1.000000 1.000000 0.000000
diffuse_light
 0.000000 1.000000 1.000000 1.000000
diffuse_material
 1.000000 1.000000 1.000000 1.000000
specular_light
 0.699997 0.699997 0.699997 1.000000
specular_material
 1.000000 1.000000 1.000000 1.000000
eye_Pos
 0.000000 0.000000 5.000000
light_Pos
 10.000000 10.000000 10.000000 0.000000
specularExp
 5.000000
---------------------------------------------------
ModelViewMatrix1
 1.000000	 0.000000	 0.000000	 0.000000	
 0.000000	 0.707382	 -0.706818	 0.000000	
 0.000000	 0.706818	 0.707382	 0.000000	
 0.000000	 0.000000	 0.000000	 1.000000	
ModelViewMatrix2
 0.999695	 0.000000	 -0.024536	 0.000000	
 0.000000	 1.000000	 0.000000	 0.000000	
 0.024536	 0.000000	 0.999695	 0.000000	
 0.000000	 0.000000	 -5.000000	 1.000000	
ProjectionMatrix
 1.810715	 0.000000	 0.000000	 0.000000	
 0.000000	 2.414505	 0.000000	 0.000000	
 0.000000	 0.000000	 -1.000992	 -1.000000	
 0.000000	 0.000000	 -0.200073	 0.000000	
ambient_light
 1.000000 1.000000 1.000000 1.000000
ambient_material
 1.000000 1.000000 1.000000 0.000000
diffuse_light
 0.000000 1.000000 1.000000 1.000000
diffuse_material
 1.000000 1.000000 1.000000 1.000000
specular_light
 0.699997 0.699997 0.699997 1.000000
specular_material
 1.000000 1.000000 1.000000 1.000000
eye_Pos
 0.000000 0.000000 5.000000
light_Pos
 10.000000 10.000000 10.000000 0.000000
specularExp
 5.000000
---------------------------------------------------
